  0 64130
  1 5837
  2 2119
  3 2133
  4 1331
  5 1899
  6 1088
  7 2080
  8 1325
  9 942
 10 829
 11 2117
 12 1412
 13 791
 14 1517
 15 1608
 16 968
 17 402
 18 809
 19 819
 20 486
 21 372
 22 293
 23 330
 24 621
 25 626
 26 464
 27 295
 28 1937
 29 452
 30 451
 31 373
 32 700
 33 281
 34 228
 35 321
 36 447
 37 287
 38 457
 39 338
 40 300
 41 598
 42 805
 43 279
 44 212
 45 303
 46 542
 47 453
 48 506
 49 3400
 50 785
 51 543
 52 1083
 53 490
 54 347
 55 550
 56 376
 57 642
 58 819
 59 553
 60 515
 61 301
 62 370
 63 318
 64 428
 65 215
 66 288
 67 349
 68 779
 69 2817
 70 492
 71 777
 72 1510
 73 1679
 74 192
 75 574
 76 342
 77 485
 78 1412
 79 455
 80 497
 81 174
 82 413
 83 1615
 84 510
 85 294
 86 169
 87 333
 88 392
 89 433
 90 1351
 91 204
 92 193
 93 192
 94 174
 95 5503
 96 211
 97 2286
 98 792
 99 2376
100 1446
101 4016
102 1961
103 1116
104 1078
105 5638
106 457
107 380
108 1866
109 2718
110 3086
111 1571
112 1036
113 325
114 3692
115 3509
116 4767
117 1498
118 826
119 747
120 822
121 471
122 219
123 268
124 315
125 255
126 252
127 271
128 199
129 164
130 164
131 303
132 173
133 311
134 118
135 312
136 290
137 603
138 145
139 680
140 184
141 327
142 136
143 242
144 442
145 521
146 122
147 172
148 162
149 141
150 132
151 179
152 257
153 93
154 112
155 126
156 122
157 279
158 177
159 268
160 113
161 93
162 110
163 110
164 273
165 84
166 126
167 149
168 252
169 95
170 68
171 107
172 186
173 306
174 96
175 99
176 161
177 190
178 107
179 94
180 283
181 186
182 145
183 113
184 173
185 139
186 188
187 107
188 141
189 223
190 197
191 194
192 214
193 274
194 133
195 206
196 118
197 126
198 133
199 268
200 179
201 93
202 84
203 86
204 68
205 70
206 99
207 84
208 283
209 109
210 78
211 84
212 71
213 99
214 114
215 129
216 143
217 58
218 132
219 71
220 91
221 92
222 86
223 120
224 160
225 74
226 156
227 398
228 127
229 154
230 126
231 138
232 342
233 115
234 75
235 196
236 102
237 121
238 136
239 113
240 191
241 81
242 168
243 211
244 118
245 86
246 70
247 67
248 228
249 155
250 172
251 126
252 86
253 208
254 187
255 1557
