  0 0
  1 0
  2 0
  3 0
  4 0
  5 0
  6 0
  7 0
  8 0
  9 0
 10 0
 11 0
 12 0
 13 0
 14 0
 15 0
 16 0
 17 0
 18 0
 19 0
 20 0
 21 0
 22 0
 23 0
 24 0
 25 0
 26 0
 27 0
 28 0
 29 0
 30 0
 31 0
 32 0
 33 0
 34 0
 35 0
 36 0
 37 0
 38 0
 39 0
 40 0
 41 0
 42 0
 43 0
 44 0
 45 0
 46 0
 47 0
 48 0
 49 0
 50 0
 51 0
 52 0
 53 0
 54 0
 55 0
 56 0
 57 0
 58 0
 59 0
 60 0
 61 0
 62 0
 63 0
 64 0
 65 2621
 66 38
 67 34
 68 39
 69 49
 70 37
 71 47
 72 23
 73 44
 74 44
 75 35
 76 53
 77 52
 78 35
 79 52
 80 40
 81 26
 82 31
 83 41
 84 32
 85 37
 86 37
 87 48
 88 37
 89 40
 90 46
 91 46
 92 29
 93 40
 94 38
 95 36
 96 37
 97 32
 98 38
 99 40
100 48
101 46
102 35
103 40
104 36
105 44
106 43
107 38
108 41
109 41
110 26
111 47
112 32
113 49
114 39
115 31
116 31
117 38
118 39
119 39
120 40
121 37
122 34
123 31
124 37
125 45
126 41
127 32
128 37
129 39
130 41
131 42
132 26
133 47
134 34
135 48
136 60
137 32
138 37
139 41
140 39
141 43
142 38
143 41
144 45
145 38
146 46
147 36
148 43
149 44
150 41
151 50
152 37
153 33
154 45
155 42
156 36
157 35
158 23
159 44
160 40
161 38
162 30
163 28
164 35
165 55
166 42
167 44
168 45
169 35
170 31
171 34
172 37
173 42
174 48
175 43
176 35
177 44
178 36
179 35
180 41
181 34
182 33
183 29
184 47
185 34
186 41
187 37
188 39
189 33
190 44
191 39
192 36
193 38
194 50
195 39
196 44
197 40
198 38
199 29
200 31
201 39
202 47
203 38
204 35
205 45
206 35
207 35
208 44
209 36
210 34
211 26
212 40
213 41
214 40
215 45
216 43
217 34
218 42
219 38
220 39
221 41
222 38
223 42
224 47
225 40
226 46
227 32
228 47
229 16
230 43
231 25
232 46
233 31
234 29
235 49
236 42
237 31
238 34
239 38
240 49
241 45
242 34
243 40
244 35
245 37
246 33
247 27
248 36
249 40
250 31
251 37
252 39
253 39
254 55
255 40
